,0
0,0.0004238102220683471
1,0.0011074748203259888
2,0.0027445183036824625
3,0.005436847831703314
4,0.008638803308357947
5,0.012590568509479547
6,0.019395715182514935
7,0.037953126022727955
8,0.11385395633669165
9,0.18392435066913304
10,0.22299217832925142
11,0.1908612716239048
12,0.11714253224142823
13,0.08190738787236641
14,0.03491702510391521
15,0.013617716316004422
16,0.006680593428258922
17,0.003685518523644098
18,0.002215577219130274
19,0.0013046511813297854
20,0.0008432650130098352
21,0.000507552859111765
22,0.00033240592980683154
23,0.00025773654912172986
24,0.00020718233405212825
25,0.00018457974817858653
26,0.00016392712390279603
27,0.00017229375434472006
28,0.00023149609226723322
29,0.9996648360360705
30,2.966341640570238e-08
31,2.8586735233886656e-08
32,3.118866495356167e-08
33,3.7597994591257996e-08
34,4.2271390872766715e-08
35,6.150498960075382e-08
36,0.00033469063017623277
37,1.695704979818059e-11
38,2.2332448967198987e-11
39,3.2104265963001696e-11
40,6.19662481896498e-11
41,4.450663108738391e-07
42,1.6220944247183448e-13
43,2.7467554911355284e-13
44,5.635454181035677e-13
45,4.105798951512052e-09
46,7.59375220746129e-15
47,1.745663954444197e-14
48,1.1591401577143102e-10
49,2.999865048562125e-16
50,7.791197326486693e-16
51,6.937428723700396e-12
52,1.1590559294047868e-16
53,1.0812869854675145e-12
54,1.9347367679926087e-17
55,1.798999774231102e-13
56,3.2966126426396814e-18
57,2.8032625812678474e-14
58,6.896049200343311e-19
59,6.215291893344533e-15
60,2.8769036596337153e-15
61,1.2324378124875127e-15
62,6.548440515917701e-16
63,3.150559864197502e-16
64,1.4178773146212376e-16
65,8.111888673138195e-17
66,4.1084129100244464e-17
67,2.1615501885741682e-17
68,9.602590307613224e-18
69,6.875866816002738e-18
70,4.0789014990655195e-18
71,2.1618895641063244e-18
72,1.1921134285900457e-18
73,7.305195823275684e-19
74,5.175966612757605e-19
75,3.091809010002587e-19
76,1.8348014383778353e-19
77,1.1495988696867453e-19
78,7.27817486818681e-20
79,3.9075027044282196e-20
80,2.743254314497938e-20
81,1.6609757017408312e-20
82,1.0836300303477504e-20
83,7.501204608709776e-21
84,2.7402667874036667e-21
85,7.63007626077234e-22
86,2.7951043950126503e-23
87,2.163819153269552e-23
88,1.687041885052148e-23
89,1.1913740764159993e-23
90,9.865738694809505e-24
91,7.687416809306912e-24
92,5.705317035634891e-24
93,4.1585676578719365e-24
94,3.6835808194301435e-24
95,3.0076297327414708e-24
96,2.4155380752656768e-24
97,1.999329137938197e-24
98,1.6251209754697358e-24
99,1.2786349277129871e-24
100,1.035322704017868e-24
101,9.46653655455747e-25
102,8.144917589278932e-25
103,6.970145688634787e-25
104,6.185751989635524e-25
105,5.496051531633875e-25
106,4.4272261100123895e-25
107,3.4292366167217054e-25
108,3.0991799690727133e-25
109,2.7876955684659927e-25
110,2.949500507110412e-25
111,2.7835341272503505e-25
112,2.6662522570217675e-25
113,2.614082080795951e-25
114,2.565303699629741e-25
115,2.5466724415307184e-25
116,2.2876353788608802e-25
117,2.5541932029349283e-25
118,2.42245408842962e-25
119,2.6233570975401054e-25
120,2.768729475774544e-25
121,2.9991977860422342e-25
122,3.18977218198597e-25
123,3.4373982058457486e-25
124,3.6302755373811706e-25
125,4.193651173897278e-25
126,4.197844063996205e-25
127,4.951145534254277e-25
128,5.912048976939598e-25
129,6.436094507695661e-25
130,7.921118699379233e-25
131,9.440440839178807e-25
132,1.114688092858407e-24
133,1.306352566577705e-24
134,1.6231289594877398e-24
135,1.9251963646855664e-24
136,2.3324588373072558e-24
137,3.064554558260637e-24
138,3.529483887603354e-24
139,4.933334288756244e-24
140,6.448034103880024e-24
141,8.563186289469375e-24
142,1.1495346523579783e-23
143,1.5286209304107727e-23
144,2.1687684484574952e-23
145,2.94774358556458e-23
146,4.145541844656246e-23
147,5.492747192345437e-23
148,7.742397161676092e-23
149,1.214753212882341e-22
150,1.7443820073925088e-22
151,2.2267976738190077e-22
152,3.6035143193778177e-22
153,5.163260077787112e-22
154,7.957931015626029e-22
155,1.2391694066994209e-21
156,1.9813391315645485e-21
157,3.2242209129976425e-21
158,5.279367585957116e-21
159,8.929593996950592e-21
160,1.3075288176064458e-20
161,2.3578756889516474e-20
162,4.3191323174957925e-20
163,5.964207301937635e-20
164,1.1671871191743297e-19
165,2.1187777018354688e-19
166,3.837696821874801e-19
167,7.42119610490802e-19
168,1.3646962214736654e-18
169,2.660210975956518e-18
170,5.300421372047914e-18
171,1.050072359764311e-17
172,1.9756637207208042e-17
173,4.2946791668760604e-17
174,8.997910864709917e-17
175,1.9047147714296463e-16
176,4.424099567620042e-16
177,1.0149775666155789e-15
178,2.5450945830525936e-15
179,5.991643541164568e-15
180,1.4640791260320613e-14
181,3.7405609484765474e-14
182,9.879625296304114e-14
183,2.5525929679208596e-13
184,6.662417393531352e-13
185,1.9981351774307618e-12
186,5.991150426299793e-12
187,1.9393416003943527e-11
188,6.1462969317035e-11
189,2.0129001325179332e-10
190,7.187359089548708e-10
191,2.659135824934437e-09
192,9.243750023570753e-09
193,4.211408450979503e-08
194,1.7171579993027197e-07
195,7.997826124865864e-07
196,3.868344425407176e-06
197,1.7926992703127858e-05
198,0.00011045219467281464
199,0.0006355408510772393
200,0.003368300767980988
201,0.017927992545368185
202,0.07782014824033626
203,0.22516550885816553
204,0.178484509397188
205,0.2600894236018547
206,0.1629456071179571
207,0.0565371080469919
208,0.017876377192294145
209,0.0008386492242756943
210,0.0008260396346783921
211,0.0011228551315279707
212,0.0018222069504330275
213,0.0028641601540206813
214,0.004270492459990322
215,0.0072142678532328905
216,0.010561754963388681
217,0.016023689004138156
218,0.022751199117371414
219,0.032145614256677356
220,0.04378121152259391
221,0.05055215674140695
222,0.05981779310660562
223,0.07908190567999061
224,0.08083474400626248
225,0.06511439184765308
226,0.06405811502271491
227,0.04927516290153499
228,0.04389324613114547
229,0.047606508035311024
230,0.04252558973775908
231,0.04042988733211594
232,0.047600554466774025
233,0.05290659366954131
234,0.035723940002373514
235,0.027631093458390182
236,0.03145972652390344
237,0.03302480730631433
238,0.03310310161194221
239,0.03696394453922931
240,0.04353831085556076
241,0.04999458285821114
242,0.06051557956173297
243,0.06010291772242596
244,0.06160786603985749
245,0.07180731958874
246,0.06375181180421048
247,0.05175960516918789
248,0.04269895017611675
249,0.0302220529304515
250,0.024051486502485297
251,0.02007063147308827
252,0.013528635653933046
253,0.010551454183985978
254,0.008456827548587616
255,0.007351866853190871
256,0.009601112537816037
257,0.013010758896939704
258,0.016084607723638518
259,0.022174542388823125
260,0.02583287432341781
261,0.030596507290182658
262,0.03982318365274681
263,0.05192642121526218
264,0.06843845988416979
265,0.07453903195173217
266,0.06867986948745809
267,0.06789736304336183
268,0.07740360242908179
269,0.07651171106084999
270,0.06450539793661807
271,0.05704268818100327
272,0.055339583272358675
273,0.05163224916497382
274,0.041941300398569394
275,0.028842069817223846
276,0.019669695185942637
277,0.013721414462591197
278,0.00810925963700426
279,0.005328847013006947
280,0.003550945301040142
281,0.0022985527570220364
282,0.0012403487539894562
283,0.0006883802659627719
284,0.0004295391548187171
285,0.00021839431609060964
286,0.00011344324899249237
287,6.699046818326139e-05
288,3.652039220939565e-05
289,2.7527602349347957e-05
290,1.8158772836820535e-05
291,1.4087442444415658e-05
292,1.3336011735671307e-05
293,1.1878707649707657e-05
294,1.4412658915319422e-05
295,1.8974180928716567e-05
296,2.7020049479410914e-05
297,4.468822002946422e-05
298,0.00010848837240012764
299,0.0003572937428241183
300,0.0032668810569954775
301,0.026403309700812592
302,0.126331934995436
303,0.3372401332138381
304,0.30192648038937797
305,0.14634597112048114
306,0.04251962601656597
307,0.013407462485671654
308,0.010810848601887453
309,0.022836150209439954
310,0.05296317353716881
311,0.11419771897178857
312,0.14994103191569813
313,0.24813772281554153
314,0.18051187332205246
315,0.1015303587839964
316,0.058176176821448065
317,0.028296643727924387
318,0.012696905759949651
319,0.005989217468645254
320,0.00260729395398253
321,0.0011099979153763278
322,0.0005232111310317411
323,0.00026277308322820915
324,0.0001628928400834287
325,0.00011072457097559527
326,9.280703833917908e-05
327,9.121719160110275e-05
328,9.882337622739002e-05
329,0.00013809825024790656
330,0.00019183341478340275
331,0.9980203171257435
332,5.683751537938735e-08
333,7.211473719775572e-08
334,1.0643260803982252e-07
335,1.556741062010279e-07
336,2.8851374447678644e-07
337,0.001974980983340148
338,1.6632730255668474e-10
339,2.342767591025213e-10
340,3.8118501626539694e-10
341,7.790849383963728e-10
342,4.774841915597869e-06
343,1.7521309931005607e-12
344,3.546822738327279e-12
345,7.362585390544316e-12
346,5.847563504491663e-08
347,1.279582590322011e-13
348,2.9947410703832875e-13
349,2.4022204005129526e-09
350,5.099774823886398e-15
351,1.3207455382666072e-14
352,1.0160517069217931e-10
353,2.0422621324409938e-15
354,1.92967794033421e-11
355,3.476813948502194e-16
356,3.177630288197975e-12
357,6.574000135166045e-17
358,5.294774632394152e-13
359,2.1355639852749115e-13
360,9.67469906408826e-14
361,4.175166384062226e-14
362,2.2126872432067888e-14
363,1.1879640850554513e-14
364,6.122937391333739e-15
365,3.197655249716277e-15
366,1.6052499829509758e-15
367,9.581115431331437e-16
368,4.4506599950965e-16
369,2.6146786607945693e-16
370,1.4219600254680586e-16
371,8.089915521832196e-17
372,5.006034494549128e-17
373,2.861905700826289e-17
374,1.2604773611624324e-17
375,1.0356452489245148e-17
376,5.195778477330151e-18
377,3.3372734638572208e-18
378,2.0776240904553607e-18
379,1.1848642205113964e-18
380,7.033784459234322e-19
381,4.381677251772791e-19
382,2.843735348182778e-19
383,1.9531962492959227e-19
384,1.3448875735159405e-19
385,7.950548908654564e-20
386,5.2138801894233384e-20
387,3.751692448284775e-20
388,1.9516383766480426e-20
389,1.2700750805103884e-20
390,6.094919362197509e-21
391,4.2356289368328844e-21
392,1.897464818959968e-21
393,5.4966313069685715e-24
394,4.0015262227254155e-24
395,3.384233764413647e-24
396,2.6969879085095166e-24
397,1.867107779938678e-24
398,1.7052710778624884e-24
399,1.2996087447919659e-24
400,1.2009546878178225e-24
401,1.0128753567705867e-24
402,8.821419200236415e-25
403,7.309211937594129e-25
404,4.869706754641373e-25
405,4.2811503767966655e-25
406,3.5969072278390245e-25
407,3.2602079205089296e-25
408,3.2230440646671824e-25
409,3.0896354553967605e-25
410,2.606474034477477e-25
411,2.7057453335355345e-25
412,2.560048620777764e-25
413,2.5271534322159435e-25
414,2.262533364596023e-25
415,2.303354875971348e-25
416,2.46784738656366e-25
417,2.461250213143134e-25
418,2.4569908939228987e-25
419,2.6538209744549122e-25
420,2.740173809696585e-25
421,2.882263958060534e-25
422,3.04505006619759e-25
423,3.228263253879829e-25
424,3.545081034474855e-25
425,3.9821981563280663e-25
426,4.153525807904154e-25
427,4.898831072794106e-25
428,5.745390341474915e-25
429,6.674471477474758e-25
430,6.56609615475332e-25
431,8.961649952616315e-25
432,1.0722862532256686e-24
433,1.2703622723858188e-24
434,1.5548809961731167e-24
435,1.7601465149798003e-24
436,2.1825264998498127e-24
437,2.8188103470061232e-24
438,3.711642156103234e-24
439,4.5648380482250006e-24
440,6.265989037695928e-24
441,8.006636934891782e-24
442,1.075152969293929e-23
443,1.454482345305128e-23
444,1.9660512288813588e-23
445,2.738873296552837e-23
446,3.846513059970012e-23
447,5.636104487172662e-23
448,8.085321248792653e-23
449,1.1730176799358397e-22
450,1.783355105165207e-22
451,2.5372425819714416e-22
452,3.882500082313068e-22
453,6.150392562746355e-22
454,9.189232330424476e-22
455,1.4923219142208678e-21
456,2.2853159048802747e-21
457,3.426115531000463e-21
458,5.622282107880051e-21
459,9.337888672152459e-21
460,1.6276350745885606e-20
461,2.861081940686489e-20
462,4.9354251567873685e-20
463,9.066628125437618e-20
464,1.3996663110943516e-19
465,2.3104862706581285e-19
466,4.99476795590084e-19
467,9.594935323940004e-19
468,1.682986204760673e-18
469,3.2057087178779874e-18
470,6.2486392308564325e-18
471,1.2785328959220136e-17
472,2.6695894056323054e-17
473,4.835093540338366e-17
474,1.0435546170033028e-16
475,2.360964558337513e-16
476,5.309649269886832e-16
477,1.1257747919961166e-15
478,2.6048956034532826e-15
479,6.451363071711139e-15
480,1.4874143379796902e-14
481,3.6823962428395276e-14
482,9.988542209418967e-14
483,2.605459198654304e-13
484,7.097123184579989e-13
485,1.9990874240441785e-12
486,5.934031875228568e-12
487,1.7271536854539644e-11
488,5.2799519565346886e-11
489,1.7169613939764944e-10
490,5.09363211943873e-10
491,1.191532550572132e-09
492,2.735377436688394e-09
493,1.1472623085523358e-08
494,5.1215658099824914e-08
495,2.2323982334955668e-07
496,1.038539576554483e-06
497,4.8294405010690655e-06
498,2.0134687994709564e-05
499,0.0001278014766818235
500,0.0006218869173677023
501,0.0032749405521210204
502,0.017912289844436862
503,0.09619215300941845
504,0.3438521754604111
505,0.41826968760480027
506,0.07291951935121359
507,0.04536190235821731
508,0.0027185005941886328
509,0.0006362955635227156
510,0.0008169197859170584
511,0.001437580567235375
512,0.0019227959745484883
513,0.0032991139604804107
514,0.004692040098114305
515,0.006611620293183423
516,0.010669919903420009
517,0.016407522241637346
518,0.019152200377167545
519,0.022466488063297783
520,0.027492280363024934
521,0.033367526541437514
522,0.04128608068189749
523,0.05199824453544207
524,0.06005689841390866
525,0.058625671903998214
526,0.056865826789007125
527,0.049202435466064925
528,0.044193410357968456
529,0.04944461307600512
530,0.058458941660559545
531,0.06999670336652532
532,0.0798712617033887
533,0.0737717936209645
534,0.05925699414802536
535,0.041566861426811146
536,0.031256346536268236
537,0.029633190712548232
538,0.0301882660642706
539,0.03487479646660021
540,0.04085838340392031
541,0.04004829983699727
542,0.038702041972670964
543,0.037108665645245544
544,0.03465458316131015
545,0.03744343599498037
546,0.038104670619357434
547,0.03496156626548057
548,0.03435093763069487
549,0.032625243449177
550,0.027686620298888465
551,0.02343986806875657
552,0.01967409590881815
553,0.016864507020099655
554,0.015528298707496316
555,0.014840778336898236
556,0.016555814081914783
557,0.021959096940511916
558,0.027407631651874913
559,0.03408986309583296
560,0.047106288875832035
561,0.05817253563658704
562,0.07242450127184409
563,0.08086452720888364
564,0.06969969105121135
565,0.05488237385013968
566,0.053335247531723556
567,0.05766114104735987
568,0.06225924865649329
569,0.05889739366813194
570,0.05047015592155474
571,0.04586945669808186
572,0.03928916899500883
573,0.03246759773074628
574,0.02841382334393637
575,0.022619575396344006
576,0.015616836771512564
577,0.010826481407569226
578,0.0066099212972138026
579,0.004755083044031881
580,0.0031576920241690727
581,0.002208901797139574
582,0.0012940679883118914
583,0.0007833891639561449
584,0.00043049507574056945
585,0.0002702945403763034
586,0.00019059046568703115
587,0.00013134542801550972
588,8.952000652281841e-05
589,6.248696189997926e-05
590,4.419998412797369e-05
591,3.079061332686694e-05
592,2.8283745231682032e-05
593,2.71900298866768e-05
594,2.3969982910491927e-05
595,3.2125699770643234e-05
596,3.985388277237935e-05
597,8.282461941510155e-05
598,0.00016123413329516
599,0.0005130118665002926
600,0.004253434113268342
601,0.028876802692472326
602,0.13386414974145802
603,0.29619572612505857
604,0.27570053171123154
605,0.14435712730323924
606,0.06883833068869727
607,0.03629561854805502
608,0.025495974550729137
609,0.04760899875542148
610,0.10066246900366645
611,0.13361726802778473
612,0.19868457525856997
613,0.15553126083193922
614,0.1148270212452563
615,0.07113571249856687
616,0.033596302552816794
617,0.014806136052027723
618,0.006681600445143443
619,0.003239728291813035
620,0.0014823663611617207
621,0.000693539915025323
622,0.0003814748203728252
623,0.00022347256812680198
624,0.00015672727457147168
625,0.00013355024903425897
626,0.00015793523319802423
627,0.0002195360711948421
628,0.999393880761903
629,3.413916218429475e-08
630,3.155284991757112e-08
631,3.1354643518612684e-08
632,3.647097770966175e-08
633,5.414775152190219e-08
634,1.0372947200276307e-07
635,0.0006047864875246342
636,2.6359109829374017e-11
637,3.416868840349937e-11
638,5.3072001246390275e-11
639,9.432015454469908e-11
640,1.9873009002549896e-10
641,1.3837995169945197e-06
642,4.559547090763738e-13
643,8.573432263688816e-13
644,1.7487683064972263e-12
645,1.3129210655089953e-08
646,6.852545475606441e-15
647,1.2836904764787077e-14
648,3.421158288334118e-14
649,2.464656967781283e-10
650,7.710110751663128e-16
651,2.152545259763618e-15
652,1.792320558721176e-11
653,4.4027696317394685e-17
654,1.0823424159312894e-16
655,8.697994157070955e-13
656,1.658753116124841e-17
657,1.4941403704736045e-13
658,2.6678489882108294e-18
659,2.3237299963548578e-14
660,5.0702745350576115e-19
661,3.390370132792873e-15
662,1.8750291823602113e-15
663,1.0189692279239625e-15
664,5.341966398244217e-16
665,2.3134530418066984e-16
666,1.2319718760303418e-16
667,6.306727389359622e-17
668,3.4175712417618544e-17
669,2.0451762089454982e-17
670,1.1220393210822428e-17
671,5.605825045105713e-18
672,2.713809994092133e-18
673,1.7224364894074383e-18
674,1.054426525245315e-18
675,5.752647216359666e-19
676,3.4267795721939626e-19
677,1.8790347629912292e-19
678,1.0258170252008535e-19
679,5.706109525892076e-20
680,3.1123316726329555e-20
681,1.974902497203257e-20
682,7.943153287157434e-21
683,2.959761561144014e-21
684,8.48066081119137e-22
685,6.383439521940747e-23
686,4.518718900403648e-23
687,3.2906782636037326e-23
688,2.420815654670325e-23
689,1.7763811373399554e-23
690,1.3050186260694016e-23
691,9.664820114287515e-24
692,7.252698116203609e-24
693,5.921817113182321e-24
694,4.617018322218156e-24
695,3.643996450047874e-24
696,2.7792621679650267e-24
697,2.237584777626987e-24
698,1.8298175576318474e-24
699,1.4206481205817313e-24
700,1.261247827121246e-24
701,1.011658953200055e-24
702,8.00056817823656e-25
703,7.005407434688662e-25
704,6.269662858328486e-25
705,5.635116077250669e-25
706,4.7798911054118785e-25
707,3.29666321115668e-25
708,3.0307243207597923e-25
709,2.729575696579728e-25
710,2.654325262825201e-25
711,2.482496056685394e-25
712,2.2645605354214097e-25
713,2.283546614409447e-25
714,2.2127633001106717e-25
715,2.2002750610791886e-25
716,2.144932902553307e-25
717,2.2762000410430764e-25
718,2.3357225618939116e-25
719,2.387235276375916e-25
720,2.522248591536764e-25
721,2.4662762955026175e-25
722,2.7826578356113075e-25
723,3.0053362234275675e-25
724,3.1423366484295535e-25
725,3.427083801823456e-25
726,4.0018291504768404e-25
727,4.525831869675573e-25
728,4.958713588301868e-25
729,5.909083497074143e-25
730,6.918677990351264e-25
731,7.696851896058873e-25
732,9.843634898303434e-25
733,1.1855392736789466e-24
734,1.442016934688045e-24
735,1.3860540112455076e-24
736,1.8851759015463734e-24
737,2.4002352210727375e-24
738,3.1713880974046322e-24
739,4.096872627308743e-24
740,5.41133225045799e-24
741,6.400219911847693e-24
742,9.253337920093371e-24
743,1.2726147794794895e-23
744,1.721260376909433e-23
745,2.4430680294955916e-23
746,3.5040930351658386e-23
747,5.052041592273427e-23
748,7.054415627685415e-23
749,9.650777157357333e-23
750,1.4723738829207638e-22
751,1.8504448245821388e-22
752,3.226312232642435e-22
753,5.078154212847634e-22
754,8.057842471628347e-22
755,1.310548936499698e-21
756,2.1447887180789333e-21
757,3.2232025903077178e-21
758,5.824112487277026e-21
759,9.847001243829155e-21
760,1.7035991224547476e-20
761,2.794752767264508e-20
762,5.176646810583417e-20
763,9.471918387277225e-20
764,1.5789705389173418e-19
765,2.9672630557650395e-19
766,5.639057974083119e-19
767,1.034375775773708e-18
768,1.8893170114995122e-18
769,3.805155603900845e-18
770,7.892359838593531e-18
771,1.7112117323876535e-17
772,3.6150704168135824e-17
773,7.869731241569376e-17
774,1.7742250337428278e-16
775,4.058329538948721e-16
776,9.567804567404583e-16
777,2.292295732485029e-15
778,5.615801051003923e-15
779,1.1662116981070664e-14
780,3.314386687119225e-14
781,8.11428192615366e-14
782,2.3402755172078025e-13
783,5.474369061489897e-13
784,1.7356875597386854e-12
785,4.774605845844639e-12
786,1.3724144203958223e-11
787,4.325962471225131e-11
788,1.2446807356542735e-10
789,4.609746778192572e-10
790,1.4183322040786027e-09
791,5.729960628805088e-09
792,2.0294767393356588e-08
793,7.795863789506716e-08
794,3.0093368311277683e-07
795,1.5322511916211867e-06
796,6.2833051772814005e-06
797,2.63192828099747e-05
798,0.00013025065303729142
799,0.0007394554760629104
800,0.003841730398419677
801,0.017740318248688124
802,0.07994780572754062
803,0.21657532873122298
804,0.24021330401243723
805,0.25698929585066216
806,0.1646885681978331
807,0.01832882690438705
808,0.001789495258064348
809,0.0005725283106672755
810,0.0007531032003755117
811,0.0012756086853967753
812,0.0025500061800535455
813,0.004066336133558662
814,0.006247858472105789
815,0.010963410107573115
816,0.014294851654581395
817,0.019823962556523706
818,0.028240015441940252
819,0.04429776704731174
820,0.05532719066059816
821,0.05544101053717447
822,0.05482008554131067
823,0.05548629392790791
824,0.06021792922402677
825,0.06467058531878372
826,0.06334263073517421
827,0.06236323956621755
828,0.051971091115840494
829,0.04406772330924968
830,0.038798475075638224
831,0.03558505104764887
832,0.0404213406820016
833,0.044268358566732814
834,0.043287882734262914
835,0.04968675018514843
836,0.04895423761913613
837,0.03686792758409757
838,0.03279437321962285
839,0.0318408574339967
840,0.03505147887603727
841,0.04497980264599606
842,0.05456848682169487
843,0.05973332782232447
844,0.056700994727776885
845,0.05694652906811079
846,0.04881980135061899
847,0.036761124038425484
848,0.03184480995147588
849,0.023643774562008463
850,0.019216400226188587
851,0.017297816023352067
852,0.01318914419949077
853,0.011404183973633361
854,0.01121258526757289
855,0.01335051179551743
856,0.015651158154672946
857,0.019491917456149883
858,0.025940741705534065
859,0.034432233580046046
860,0.04226786641323245
861,0.047603891166473525
862,0.060432706529747963
863,0.06778097801916912
864,0.06413790398578728
865,0.06660857980962116
866,0.07447098221230827
867,0.08402384812345268
868,0.08231753793618442
869,0.06910839505804312
870,0.055818405484676155
871,0.04419266918094706
872,0.03658560284496425
873,0.031662455897405566
874,0.023355113103209733
875,0.016085434499043268
876,0.010218641670618879
877,0.006555599271073191
878,0.004164110091865001
879,0.0027347973605544697
880,0.0016947427819126737
881,0.0011549305074411644
882,0.000749753154034126
883,0.00045328671878035735
884,0.0003160155208245244
885,0.00022273137872703532
886,0.0001362966039008587
887,9.787883104236174e-05
888,7.220990542455974e-05
889,5.4930936843889315e-05
890,3.4512550254816285e-05
891,2.547384134600099e-05
892,2.1420159294643545e-05
893,1.8003897705203373e-05
894,1.546106792287992e-05
895,1.68210558179678e-05
896,2.1120161691201844e-05
897,2.8331511793278876e-05
898,5.682563770770943e-05
