,0
0,0.004938766346286057
1,0.01801918833217167
2,0.024691831246404772
3,0.01452375198352709
4,0.005268205333795146
5,0.00297583537200844
6,0.0008548417511247667
7,0.0007303342268963525
8,0.0004392404572511106
9,0.0003813925416092425
10,9.082514107253211e-05
11,8.669154610660936e-05
12,6.356468876129853e-05
13,5.07186933728715e-05
14,0.00013378776704310689
15,0.0016683770325251308
16,0.00415336540629365
17,0.020682819339849598
18,0.19707697215341002
19,0.6723447648026141
20,0.10935038227708671
21,0.003853928221292809
22,0.0004867676196793846
23,0.0002868247881605979
24,0.0003535535246493108
25,0.0003643538531743732
26,0.00019372073139129912
27,0.0005913079564701586
28,0.0008401007469282679
29,0.0012653325819767462
30,0.002193297447527377
31,0.0032895925396170785
32,0.02819989386067994
33,0.012622697355370919
34,0.0007917160017363849
35,0.000794717551248824
36,0.0008057729054501015
37,0.000444511259030123
38,0.00012358161361572076
39,5.408001074531133e-05
40,9.248544588395504e-05
41,0.0008439062050660931
42,0.005457943765543756
43,0.08241526987136726
44,0.7258309561068393
45,0.18444136675106731
46,0.0034080146004513406
47,0.00035712160806730404
48,0.00021526089664991195
49,0.0007911340644389022
50,0.0004114736117463633
51,0.00014352552739272593
52,0.00037455224434338304
53,0.00027844166541168245
54,0.00027749796700180245
55,0.0008249474865791042
56,0.01884506338782963
57,0.10611414431463893
58,0.7886217532738053
59,0.08397117903842995
60,0.004588974285791541
61,0.0007025460568387157
62,0.0002518128592811184
63,0.00013358243491228634
64,2.941956737046708e-05
65,0.0003226674083246449
66,0.0034389644852044566
67,0.008921283249898567
68,0.005852086803041531
69,0.005891874316206922
70,0.004757089866281174
71,0.002826449098459644
72,0.0033218537297609305
73,0.20410454210206638
74,0.5036104728391239
75,0.11861742646598707
76,0.14656627940999067
77,0.020456122285619424
78,0.011606155860260302
79,0.003003752608355791
80,0.0005286600051949055
81,0.0017712487195502373
82,0.0015500364523021305
83,0.001315562880052789
84,0.001258281463163936
85,0.0009307479867340544
86,0.0007483118537131223
87,0.0004494638031375064
88,0.000539603506962125
89,0.0005023321594502919
90,0.00012729199430916926
91,0.0004095677175216458
92,0.0005236910056737981
93,0.0007021736151193924
94,0.00042849730190585883
95,0.0005381951201141531
96,0.00032535355732026813
97,0.00021013959231760444
98,0.0006062411463028094
99,0.0008267483059240564
100,0.0007462489637173488
101,0.0005270192836248108
102,0.0005169137958283814
103,0.0005012788352301012
104,0.00037558948339086934
105,0.0003008216822270775
106,0.00039184868342066054
107,0.0010010659123567626
108,0.000909458792772242
109,0.000927819688580627
110,7.682203514554278e-05
111,0.0002907156233382247
112,0.0009776876725150457
113,0.0010767863147343423
114,0.00016410875185530403
115,0.00037458434291963146
116,5.392943117100593e-05
117,0.007769141690349098
118,0.0058540282442245605
119,0.003928043669741122
120,0.0025577656966773755
121,0.0018625441769632358
122,0.0016098045265299887
123,0.0013908580073072132
124,0.0011365488863605627
125,0.0009071420075628839
126,0.0006542270394367195
127,0.0006482672221892934
128,0.00045336717626726574
129,0.00046451454778293914
130,0.00012211971880313912
131,0.00027212444569525864
132,0.0012505530229764208
133,0.0010550916924481975
134,0.0008625465770352855
135,0.0006192126530741276
136,0.0004539005329276272
137,0.000196561306554982
138,0.00040066085096964805
139,0.00042570286803441667
140,0.00032969043957469316
141,0.00041606969063864765
142,0.00032198706645718923
143,0.0004890560659180878
144,0.0006105992670843176
145,0.0009069328948641925
146,0.001432966866048955
147,0.0011422035365506085
148,0.004658717004708364
149,0.06165746313876312
150,0.898726092281557
151,0.037441159449849014
152,0.006645730185062274
153,0.004678695405469172
154,0.0021265008808406907
155,0.0014418864870415326
156,0.0004960577034129086
157,0.00048988737206951
158,0.00034157685996664717
159,0.0003395692826758564
160,8.586083308419765e-05
161,8.957768280639537e-05
162,6.972749594458276e-05
163,5.731943858451238e-05
164,0.00015191722938618765
165,0.00193734633068375
166,0.005094049167913488
167,0.02581801564553289
168,0.23315320253866076
169,0.6567752182811244
170,0.08557175737674345
171,0.0027689780354493623
172,0.0004249683457706944
173,0.00029018471344562135
174,0.0003603958202307386
175,0.0003688131420759897
176,0.0002022466644998887
177,0.0006037713972821294
178,0.0008448213964292914
179,0.001265752219587138
180,0.0021970516255108413
181,0.00334129247054743
182,0.028315029582805035
183,0.012721064868654987
184,0.000811364614863859
185,0.0008084610841273544
186,0.0008112346003680367
187,0.00044500888630117204
188,0.00012385982236014234
189,5.4296107552262963e-05
190,9.26368229538553e-05
191,0.0008403583039665603
192,0.005405769035064729
193,0.08131706537934831
194,0.7222662259575136
195,0.18890427947003097
196,0.0036045966651601954
197,0.00037284217344438225
198,0.00021732614139833697
199,0.0007941550462532434
200,0.0004119233445776545
201,0.00014329887439199775
202,0.0003738959253346016
203,0.0002782120384267459
204,0.00027760591175943515
205,0.0008262463155076282
206,0.01886822386920121
207,0.10620862814749951
208,0.7888610101983803
209,0.08363176700027343
210,0.004565035725444404
211,0.0006998684352764882
212,0.0002515005849414886
213,0.00013354674728536522
214,2.942207711205992e-05
215,0.0003226236493933966
216,0.0034376134381526244
217,0.008917930408272105
218,0.005849454659897887
219,0.005888860670553939
220,0.004755391054327029
221,0.002825511748795403
222,0.0033205187528031455
223,0.20404575027217087
224,0.503634260155936
225,0.1186280676585313
226,0.14658387394979286
227,0.020460137738715117
228,0.011607429124955188
229,0.003003613546449753
230,0.000528599602618765
231,0.0017710083141185319
232,0.001549858959229024
233,0.0013154549670641655
234,0.0012581894518516198
235,0.0009306882274338513
236,0.0007482720337560549
237,0.0004494359214484742
238,0.0005395766985338308
239,0.0005023137085112797
240,0.0001272875837845688
241,0.0004095590130388608
242,0.0005236703320965109
243,0.0007021482282462451
244,0.0004284783682254201
245,0.0005381789824473359
246,0.0003253465282782497
247,0.00021012929408118975
248,0.000606217991100728
249,0.0008267243550827323
250,0.0007462335615548611
251,0.0005270079136915018
252,0.0005169039590927414
253,0.0005012707210386426
254,0.0003755865552798391
255,0.0003008208668133085
256,0.0003918496155165497
257,0.0010010744234644814
258,0.0009094696419798082
259,0.000927837124773545
260,7.682087862446604e-05
261,0.00029071205005944454
262,0.0009776828456670998
263,0.0010767884056281393
264,0.00016410522302719795
265,0.0003745771434446945
266,5.3926250913920106e-05
267,0.007768728653774746
268,0.00585374778167027
269,0.003927865798461834
270,0.0025576536115271
271,0.0018624642739248057
272,0.00160974467879862
273,0.0013908132054562324
274,0.001136516211006046
275,0.0009071188651317395
276,0.0006542113930349193
277,0.0006482547473379155
278,0.000453360324019852
279,0.00046450956259632065
280,0.00012211827936351455
281,0.0002721178823408789
282,0.0012505280036947308
283,0.0010550749756807864
284,0.0008625352871789797
285,0.000619205483810124
286,0.0004538956151387495
287,0.00019655801548387503
288,0.00040065428354959896
289,0.0004256973636747028
290,0.0003296857287068289
291,0.00041606459658509237
292,0.00032198387077906547
293,0.0004890528181111087
294,0.0006105973165058831
295,0.0009069343328663258
296,0.001432969873425138
297,0.001142204131787597
298,0.0046587113955850945
299,0.061657485919770556
300,0.8987267424436386
301,0.03744059826349521
302,0.0066457966189887585
303,0.004678759697490073
304,0.002126529910625341
305,0.0014419035732484429
306,0.0004960630391872946
307,0.0004898909545907506
308,0.0003415789039494767
309,0.00033957022845059403
310,8.586094864182107e-05
311,8.95774543780359e-05
312,6.972708370850007e-05
313,5.731896161760306e-05
314,0.00015191563470560838
315,0.00193733098622282
316,0.00509414355625682
317,0.02581953469348068
318,0.23316088950675362
319,0.6567682899621519
320,0.08556936502313697
321,0.0027689113062263223
322,0.00042496023425917174
323,0.000290176027722351
324,0.00036037581821953663
325,0.0003687964135058784
326,0.0002022428203477409
327,0.0006037567303749029
328,0.0008448032188232498
329,0.0012657237673215202
330,0.0021969669082565198
331,0.0033410370784729116
332,0.028309695859765793
333,0.012717822652708315
334,0.000811201619705172
335,0.0008083375227025977
336,0.0008111504117331668
337,0.0004449692954936068
338,0.0001238549741465883
339,5.429511927433493e-05
340,9.261321964804135e-05
341,0.0008392869785247475
342,0.005396469407586407
343,0.08124638345417859
344,0.7222890564621955
345,0.1889615607908886
346,0.0036054088170489585
347,0.00037288067866624513
348,0.00021732830867869068
349,0.0007941833258189195
350,0.0004118651395394773
351,0.0001432662603800809
352,0.00037393179124189246
353,0.00027823138269638835
354,0.000277890009717661
355,0.0008295529636871697
356,0.018953340869134454
357,0.10654100933543192
358,0.7888968737182621
359,0.08318499872060463
360,0.0045469393454089235
361,0.0006979859663732672
362,0.0002511320635058842
363,0.00013353086002549914
364,2.9466365013999158e-05
365,0.0003232587034606444
366,0.0034449001582476787
367,0.008956678297768451
368,0.005896732978023248
369,0.005958446245279881
370,0.00482762847697206
371,0.002871746236702144
372,0.003373379250291833
373,0.19812388137963022
374,0.505415607802519
375,0.11833024758636522
376,0.15000632957547905
377,0.02126775294299707
378,0.011950305022353475
379,0.003081607068860854
380,0.0005406924304159134
381,0.0017931453740684029
382,0.001556650646995352
383,0.0013121624649938578
384,0.0012458229909910966
385,0.0009223922886323751
386,0.0007423667636728943
387,0.00044606144132187
388,0.0005397121292726279
389,0.0005024293916571542
390,0.00012721540788657848
391,0.00040528662202306005
392,0.0005128434540564666
393,0.0006957943401091291
394,0.0004259864046332425
395,0.000540651370342611
396,0.0003241810790236199
397,0.00020705449430631357
398,0.0006120259257085915
399,0.0008257902177504871
400,0.0007429929196276198
401,0.0005231650973554347
402,0.0005162890914654004
403,0.0005025642404409938
404,0.0003774753535248712
405,0.00029899633393001623
406,0.0003849553277254397
407,0.0009721565889389873
408,0.0008806440140879813
409,0.0008997683021732827
410,7.417950157848266e-05
411,0.0002892979073725567
412,0.0009578945452500208
413,0.001046386728598107
414,0.00015866922675556358
415,0.00037343699006456125
416,5.272575876555285e-05
417,0.008333521883769379
418,0.006173552426746428
419,0.0040937023603368605
420,0.0026711801686252284
421,0.001965807428381728
422,0.0017243396772245836
423,0.001456757408809592
424,0.001167866609990182
425,0.0009310552036329724
426,0.0006685604623025801
427,0.0006680269133591933
428,0.00045954667894758264
429,0.00045634072783990294
430,0.00011647887360446334
431,0.00025335006745690297
432,0.0012433535991654252
433,0.0010190688559314378
434,0.0008113148900268176
435,0.0005751101100891728
436,0.0004185606712046213
437,0.00018067331163659095
438,0.00039831880738647754
439,0.0004230570897453992
440,0.00031131604398723227
441,0.00040034023674524375
442,0.00031121332907544725
443,0.00039711722087401927
444,0.000399732391915247
445,0.00044001204385225764
446,0.00045178368960010936
447,0.00021562312274767443
448,0.00026992115864506703
