,0
0,0.00010224022001482303
1,2.367780361953364e-05
2,6.352021595176281e-06
3,1.9827974428991955e-06
4,6.934455258677092e-07
5,2.596350037301573e-07
6,1.0595716491055035e-07
7,4.6690973896738454e-08
8,2.1766679974744144e-08
9,1.0908426765622585e-08
10,5.915245964017269e-09
11,3.2823347276219893e-09
12,1.900729733016642e-09
13,1.1648001219683957e-09
14,7.627588832980893e-10
15,5.225403063819259e-10
16,3.725558538096392e-10
17,2.8394430776632746e-10
18,2.2079844567163548e-10
19,1.7287212561755195e-10
20,1.416612046821694e-10
21,1.202239311107187e-10
22,1.044973810475221e-10
23,9.529889271538642e-11
24,8.941884692601986e-11
25,8.666364428880424e-11
26,8.602649156029491e-11
27,8.837908767926413e-11
28,1.007937271579249e-10
29,1.1629556466701337e-10
30,1.3806831736580824e-10
31,1.661303145485913e-10
32,2.119862830220788e-10
33,2.712147007003402e-10
34,3.624567410774935e-10
35,5.159751700420398e-10
36,7.302284456474943e-10
37,1.082404190909482e-09
38,1.786546362610508e-09
39,2.855555397379839e-09
40,4.7907337072061154e-09
41,7.97448691113651e-09
42,1.4389609248528117e-08
43,2.8111623901592308e-08
44,6.049335260179204e-08
45,1.3382609259362476e-07
46,3.236579921811051e-07
47,9.465990637671413e-07
48,3.3210322140157805e-06
49,1.1823274118899277e-05
50,5.160192075462062e-05
51,0.0002492342188483132
52,0.0009698234277144271
53,0.0030749649034802692
54,0.008629849548983427
55,0.022483862890117536
56,0.05583776296815511
57,0.0914246126350705
58,0.13931832790931045
59,0.1887719945757218
60,0.18141116182122022
61,0.16479840785361266
62,0.07885015210556508
63,0.0392464002258206
64,0.016736516099300974
65,0.007523851216948178
66,0.0015052113465915669
67,0.00046304852237152036
68,0.00022089443868090146
69,0.00017435665369317074
70,0.00017751143263358931
71,0.00018206384477869732
72,0.00018949902693961036
73,0.00019919040609830483
74,0.00019674517708468482
75,0.00020595762663601483
76,0.0002787638141689221
77,0.0006360987652252449
78,0.0021763043869712484
79,0.006177351751043469
80,0.014800658901314285
81,0.037438751294374885
82,0.07907867595352115
83,0.12042667218395124
84,0.1647031878190667
85,0.1609142506540643
86,0.16930598919366222
87,0.11551695340705911
88,0.06670053815614616
89,0.036621709357040705
90,0.016259289955520555
91,0.006694453984285818
92,0.002660817822160913
93,0.0009165180209530455
94,0.0002726039998404024
95,6.077342740467028e-05
96,1.532652857816737e-05
97,4.412416201176617e-06
98,1.3212823135573136e-06
99,4.232233149797221e-07
100,1.748738908253507e-07
101,7.363459767818028e-08
102,3.405151138652126e-08
103,1.614454878219733e-08
104,8.979251697591142e-09
105,4.885640002678261e-09
106,2.8072331259448473e-09
107,1.7080132277841203e-09
108,1.111922166376471e-09
109,7.406556033375215e-10
110,4.975108815549654e-10
111,3.570774099652808e-10
112,2.721895858583017e-10
113,1.9959614419983824e-10
114,1.7184397663888062e-10
115,1.5022006479584066e-10
116,1.306173933009765e-10
117,1.2776032054912813e-10
118,1.302699021050294e-10
119,1.383839955823579e-10
120,1.495619233207578e-10
121,1.7121092060329287e-10
122,2.1239900611831505e-10
123,2.6352653110774846e-10
124,3.434706682560875e-10
125,4.699573997763269e-10
126,6.704167241570168e-10
127,9.890624540248225e-10
128,1.5252281450110162e-09
129,2.4322520480664173e-09
130,3.988775289423582e-09
131,6.966788922387971e-09
132,1.2598298952255468e-08
133,2.4357747413129227e-08
134,4.6965404157791935e-08
135,9.814282584806275e-08
136,2.1442216535052857e-07
137,4.6738948790175964e-07
138,1.1468285263952784e-06
139,2.898713467354826e-06
140,7.4245313649858605e-06
141,2.220686470876531e-05
142,6.86688602896884e-05
143,0.00023130389312810503
144,0.0008557765079668927
145,0.0033918038852227034
146,0.01634745286900853
147,0.08377757449622154
148,0.8905541163683894
149,0.34361629149767176
150,0.16606212899203854
151,0.08767810787049164
152,0.04993093988605469
153,0.030249476412834948
154,0.01964637560756165
155,0.012368249696643494
156,0.00861239287976419
157,0.006322864409620226
158,0.004787029346599997
159,0.00353319067433905
160,0.002349333386716617
161,0.0016119213265818298
162,0.0013157186438466767
163,0.0014157804036349787
164,0.002098792563640188
165,0.004107417948433461
166,0.007567993899223998
167,0.01436335603882733
168,0.025918692938358478
169,0.040562769832810514
170,0.05535016970281431
171,0.07406843340345536
172,0.09796823273447623
173,0.11953233986829033
174,0.13632006704671545
175,0.12718745344595947
176,0.1038751477426143
177,0.07775055019787551
178,0.05176626069106437
179,0.032391099806669425
180,0.017422996189589566
181,0.007475802895716934
182,0.00335737490243941
183,0.0014714081397545942
184,0.0006097507019671676
185,0.0002738125258208516
186,0.00011464796996394689
187,4.810413985998637e-05
188,2.2649945987810912e-05
189,1.0262845185784328e-05
190,4.920413004689779e-06
191,2.3153230067259677e-06
192,1.345029640428159e-06
193,7.917596916476071e-07
194,4.7612263207140644e-07
195,2.821876965995446e-07
196,2.007072216012988e-07
197,1.5730828918616406e-07
198,1.4133324347768838e-07
199,1.150796322949139e-07
200,1.5627660511406486e-07
201,1.5537109337916034e-07
202,2.3021459542274992e-07
203,3.980780427009466e-07
204,5.404061354244619e-07
205,8.906383944286098e-07
206,1.404205495141402e-06
207,2.1520183357176343e-06
208,3.617794588421782e-06
209,5.890776285866839e-06
210,1.0142953282073007e-05
211,1.6091195321422524e-05
212,2.3465078981859915e-05
213,3.3038522074746835e-05
214,5.0080822412516616e-05
215,8.528805943710269e-05
216,0.00017292956058675708
217,0.0004408138635740766
218,0.0017167271225405933
219,0.006246360899088242
220,0.02255313059348533
221,0.050298488045500585
222,0.07813526439477307
223,0.1357850328200473
224,0.19828213659943367
225,0.18700907552723564
226,0.1471184844758538
227,0.08994584134138067
228,0.04849143740800114
229,0.02228460769418223
230,0.009388559273713036
231,0.002793599230587715
232,0.0008427048743022016
233,0.00025829735332949023
234,7.681555703712852e-05
235,3.1561204964137715e-05
236,1.6914590689967775e-05
237,9.705319126019999e-06
238,5.758207313693915e-06
239,3.352848290316915e-06
240,2.060817734938302e-06
241,1.0825484210329062e-06
242,6.760257341267148e-07
243,4.231772283748481e-07
244,2.5621498062060013e-07
245,1.7697399669866244e-07
246,1.1273713817292397e-07
247,9.495862264686816e-08
248,8.23450319622114e-08
249,7.247247456115352e-08
250,1.0501373070751997e-07
251,1.2631092985919725e-07
252,1.7921726824516125e-07
253,2.6313577405103573e-07
254,3.320546042074253e-07
255,5.664739078605903e-07
256,7.78351983706954e-07
257,1.1193847485317025e-06
258,1.5100181564495665e-06
259,2.2809218587533718e-06
260,3.4433486466225207e-06
261,5.1384304505458585e-06
262,7.417248157810366e-06
263,1.0631035660710449e-05
264,1.6447953716119984e-05
265,2.3271039835505772e-05
266,3.458800725536656e-05
267,4.7227780464036626e-05
268,6.453665484853486e-05
269,8.855431052635352e-05
270,0.00011633144729885019
271,0.00014143397876902573
272,0.00016498472393130256
273,0.00018145583452902487
274,0.0002057168264797283
275,0.00025517117621503773
276,0.0002915847275188109
277,0.00032300807731511607
278,0.00037749745274521075
279,0.0004077762821563202
280,0.00045455799580153
281,0.0004816182925911034
282,0.0003977566426651107
283,0.00041631920923435836
284,0.00035455437774514824
285,0.0002850564278899051
286,0.00027139593046793795
287,0.00023603450796621373
288,0.00022792019027340565
289,0.00022986264398976644
290,0.0002014854509875389
291,0.0001674885965724135
292,0.00014789354052852202
293,0.00011395261466802268
294,8.65405961721053e-05
295,9.77696211040406e-05
296,8.280284172952671e-05
297,9.628233107265205e-05
298,0.00014263696421767545
