,0
0,7.388363810381993e-05
1,1.1893360428302128e-05
2,2.3509268680515346e-06
3,5.181775165536217e-07
4,1.266572407443793e-07
5,3.39372196578268e-08
6,9.945397113609015e-09
7,3.004262869355988e-09
8,1.0317613058664776e-09
9,3.480843090527372e-10
10,1.2636934560192362e-10
11,4.727812921713775e-11
12,1.8453460386912544e-11
13,7.498704686272542e-12
14,3.20081208773668e-12
15,1.3959041759642003e-12
16,6.388440028343825e-13
17,2.997542303460284e-13
18,1.446067072487289e-13
19,7.363883277041879e-14
20,3.8602395511271146e-14
21,2.098938891298542e-14
22,1.1386312851299614e-14
23,6.426466728751979e-15
24,3.739653119338396e-15
25,2.2021509323128383e-15
26,1.3236985218884266e-15
27,8.176397327903975e-16
28,5.074577850507149e-16
29,3.4790431693175426e-16
30,2.349791341575895e-16
31,1.6189774879452746e-16
32,1.1255350805058676e-16
33,8.183914818879365e-17
34,6.092157422424703e-17
35,4.739212741719082e-17
36,3.714314095085505e-17
37,2.88063515633384e-17
38,2.2318632982006614e-17
39,1.7792885456370557e-17
40,1.432271300849965e-17
41,1.2123499779632327e-17
42,1.0381170131244672e-17
43,8.827127100891009e-18
44,7.659694881642878e-18
45,6.844703062414463e-18
46,6.2611702982098666e-18
47,5.818346647800795e-18
48,5.588493210313429e-18
49,5.258143865905447e-18
50,5.300975554842238e-18
51,5.191472065311738e-18
52,5.1885267346740036e-18
53,5.309856588812174e-18
54,5.661540559700103e-18
55,5.862255843926603e-18
56,6.85691569921508e-18
57,8.212239256655753e-18
58,9.510416552788871e-18
59,1.1779655109495733e-17
60,1.4344993409216797e-17
61,1.810451030863977e-17
62,2.3236474140067592e-17
63,2.9011087200723654e-17
64,3.931532373715727e-17
65,5.357610750016207e-17
66,7.418510072501628e-17
67,9.941803014918876e-17
68,1.4154645660470354e-16
69,2.0838889183863822e-16
70,3.030534440291683e-16
71,5.028443218646224e-16
72,7.835071863845586e-16
73,1.1939016559223386e-15
74,1.8910566565907244e-15
75,3.1020157854942713e-15
76,6.2310119816600985e-15
77,1.1361605329226339e-14
78,2.0653885821597024e-14
79,3.657705402685432e-14
80,6.589194993514752e-14
81,1.3708983288333103e-13
82,2.4581095048579906e-13
83,4.37926420632418e-13
84,9.187926373691557e-13
85,1.7593513278055108e-12
86,4.112913868234103e-12
87,8.599927849370496e-12
88,2.195515305774802e-11
89,5.1863902192492353e-11
90,1.2966198576348563e-10
91,2.8732760495396746e-10
92,7.345727972723788e-10
93,1.6469672797670689e-09
94,4.879991839832918e-09
95,1.4075845324046326e-08
96,4.2279791810549764e-08
97,1.5111847648528876e-07
98,4.535943235066132e-07
99,1.343403312983809e-06
100,5.286933392824759e-06
101,1.7311169294574762e-05
102,6.839299975767471e-05
103,0.00028574516107325023
104,0.0008759865759393783
105,0.002314653931604263
106,0.006090820638638584
107,0.009870944923385317
108,0.017921417062047224
109,0.02939332241209036
110,0.05489834260901249
111,0.0939279067202832
112,0.1135445314718329
113,0.1198806470710567
114,0.19037722097538012
115,0.17329576585354448
116,0.0673410677593471
117,0.04856510037847303
118,0.03413863305493973
119,0.01919429733421571
120,0.010674315364811993
121,0.00497367849243051
122,0.0017944379384742322
123,0.0005849211022805457
124,0.000424881774944926
125,0.00017230036816846312
126,0.00010552428688738616
127,0.00012447416385027817
128,0.0001988511271997761
129,0.0003121395157308248
130,0.00048681059246696596
131,0.0008004396857087865
132,0.0015217449694443137
133,0.0022475319283465933
134,0.002587851782941865
135,0.003173673167213395
136,0.0049034215008691324
137,0.006767206586416375
138,0.00994628512178506
139,0.013657281306159057
140,0.02041081263078731
141,0.030433980542830547
142,0.04197959187338101
143,0.04975639548618466
144,0.05245666365561377
145,0.06199608439839337
146,0.07866477565228239
147,0.09369990478721839
148,0.09209789929174714
149,0.08403549327354676
150,0.07137877774859806
151,0.05898785703826923
152,0.0498672375961263
153,0.04481281796797629
154,0.030984065705605936
155,0.02243571458249192
156,0.017566147041619424
157,0.011099496808602855
158,0.007540845926497128
159,0.004716470916027546
160,0.002593213728707538
161,0.0017462829280708145
162,0.0010205419467728765
163,0.0007746540484333632
164,0.00043856218209084
165,0.0002421295407928588
166,0.00015663212918342928
167,0.0001606959249140588
168,0.00032738439635890366
169,0.000877982581232262
170,0.0014478193515313168
171,0.0016732459714560606
172,0.0053483123340867765
173,0.011601978208963871
174,0.017822640938253812
175,0.036019699003201656
176,0.05575774079628993
177,0.06115980446733309
178,0.08957654659257937
179,0.1048123153574856
180,0.13380528622734097
181,0.13144113443344316
182,0.11120478010479785
183,0.06209131788131102
184,0.05322732428750795
185,0.051343075974330445
186,0.03162283578235997
187,0.019148906592825102
188,0.01221596966488977
189,0.004961225907128486
190,0.0019662946488556332
191,0.0006587953168952778
192,0.00018094454261291697
193,5.5775095718285234e-05
194,1.86735283289168e-05
195,6.718870476495405e-06
196,2.2718193199896342e-06
197,7.444730688400571e-07
198,2.2674359322679168e-07
199,7.18013864809859e-08
200,2.083685862196472e-08
201,8.115657032279942e-09
202,3.0566241655210328e-09
203,1.0352633713174073e-09
204,4.0028594156349484e-10
205,1.583278170852352e-10
206,5.867148342418306e-11
207,2.0788061708982444e-11
208,9.219339193665102e-12
209,3.996017042335462e-12
210,1.9636964777600353e-12
211,8.769188608814936e-13
212,4.021865704219687e-13
213,1.815799169851255e-13
214,9.298598892434364e-14
215,4.587399527682567e-14
216,2.4053423717901344e-14
217,1.2819649662995706e-14
218,7.378802387735591e-15
219,4.219207951050542e-15
220,2.370195899893053e-15
221,1.1639217262114384e-15
222,8.032718405440732e-16
223,4.664575223846798e-16
224,2.9419211734633455e-16
225,1.858821520229103e-16
226,1.2388709904793258e-16
227,7.297890486676079e-17
228,4.8168443356102255e-17
229,3.4809406552425255e-17
230,2.5474392476349536e-17
231,1.9024028696139675e-17
232,1.4033173377905345e-17
233,1.0098800504001607e-17
234,7.599621628193648e-18
235,6.185957049486243e-18
236,5.0973732873270175e-18
237,4.267247866109769e-18
238,3.7340977118615735e-18
239,3.3045008327795005e-18
240,2.9473372143386958e-18
241,2.60482924482782e-18
242,2.379982079859915e-18
243,2.23827715178306e-18
244,2.0879091150345327e-18
245,2.1179729953002555e-18
246,2.161714450347783e-18
247,2.1538798845855484e-18
248,2.2509863696353326e-18
249,2.415718516871085e-18
250,2.5012121868082248e-18
251,2.7065900002202453e-18
252,3.1181597332295495e-18
253,3.59796991118436e-18
254,4.219947369015721e-18
255,5.151125217432187e-18
256,6.059346230726334e-18
257,7.850215170862043e-18
258,9.631374611040994e-18
259,1.2541526258304718e-17
260,1.735007852196094e-17
261,2.298898712938185e-17
262,3.371878509488892e-17
263,4.880301715845807e-17
264,7.628967422296185e-17
265,1.204122134168529e-16
266,1.9736708156103328e-16
267,3.3589008889674e-16
268,5.941140583306343e-16
269,1.0435802094940797e-15
270,1.994171991481251e-15
271,3.8912490484683095e-15
272,7.90184023483028e-15
273,1.6594728704839014e-14
274,3.511661777584099e-14
275,7.846360416935541e-14
276,1.5882272163265176e-13
277,3.918064778473436e-13
278,9.589784868281419e-13
279,2.4137870324468533e-12
280,6.223131447984358e-12
281,1.5740319654064356e-11
282,4.243811566356061e-11
283,1.249031861881194e-10
284,3.619139695278721e-10
285,1.1396827952687488e-09
286,3.5392114974461633e-09
287,1.2205652904842435e-08
288,4.2104337806149535e-08
289,1.5913092078874594e-07
290,6.174129117209432e-07
291,2.5770397432062143e-06
292,1.0715699509878334e-05
293,5.2086696732494956e-05
294,0.00026516873570179395
295,0.0014045080270280751
296,0.008841633515082265
297,0.06866036675098515
298,0.9208307592206023
299,0.41443894658471725
300,0.15013401705487175
301,0.07069441076265394
302,0.03895265465162968
303,0.024515979778849645
304,0.01741860158028653
305,0.01463146876987441
306,0.012790763079348264
307,0.011459669527831354
308,0.011803540139831623
309,0.01179680496737274
310,0.010382947029164518
311,0.010055213248864634
312,0.011198392497422277
313,0.01156896561649209
314,0.01421452907337125
315,0.015302664908952046
316,0.018353581234567224
317,0.022639777784632813
318,0.02759875468638126
319,0.03231010317115385
320,0.029960677325905297
321,0.03669876529465326
322,0.03518256512054002
323,0.0290062027033446
324,0.02946064452786456
325,0.030521524516140184
326,0.032535696846925366
327,0.03364498468849344
328,0.03336013183713365
329,0.03386811295669573
330,0.03675301094258573
331,0.03862728504528505
332,0.03459126318251013
333,0.03142972718017703
334,0.028104078072635836
335,0.02536002928145562
336,0.021717009533068894
337,0.0166515148810127
338,0.013189175554560667
339,0.009266772417234205
340,0.006464748170608559
341,0.00496456861103412
342,0.003108476880601935
343,0.002135031261182493
344,0.001782099614079668
345,0.0018997409347021352
346,0.0023087093816739988
347,0.0034416020668810126
348,0.00663757354929385
349,0.010770941819498692
350,0.016342803989713387
351,0.02057729252132729
352,0.02463348359168415
353,0.02845560498339769
354,0.032133233188010174
355,0.04333444835218275
356,0.050293951589009726
357,0.05680545067140888
358,0.06192091060545962
359,0.07526184690187633
360,0.0949998557521877
361,0.1028008947772087
362,0.09295587977269454
363,0.06630129428450035
364,0.046931316562927074
365,0.0427977702849592
366,0.03841569617355172
367,0.026080276157988858
368,0.018838459951438374
369,0.014380650959654597
370,0.009227602582678998
371,0.005330180214557425
372,0.003851774716609492
373,0.0025653402912939475
374,0.0014414226582999503
375,0.000805722525584199
376,0.0004185882307378624
377,0.00019861915698439592
378,0.00012451155941106793
379,7.043599067496798e-05
380,3.427367714723939e-05
381,1.6373883736886395e-05
382,8.177541059613736e-06
383,3.744894332579051e-06
384,1.6240995166073112e-06
385,7.252078661064341e-07
386,4.5602193117894004e-07
387,2.387615673290361e-07
388,1.3253862333641094e-07
389,6.629907635617434e-08
390,3.7017527365374186e-08
391,1.9303896638406997e-08
392,8.646699647398382e-09
393,5.852472465396571e-09
394,2.7294999637274156e-09
395,1.6869618350555852e-09
396,1.270793535402165e-09
397,1.007013106196111e-09
398,6.203069481895171e-10
399,5.012397694173168e-10
400,3.2899761396812406e-10
401,4.6282801904361534e-10
402,4.3756836557980473e-10
403,4.359315406735004e-10
404,4.432219922495762e-10
405,7.267959281570801e-10
406,1.0962165984158622e-09
407,2.3432885509099082e-09
408,3.2939383748439815e-09
409,6.445685258715814e-09
410,1.625732170182406e-08
411,3.70700126190848e-08
412,9.544054233530336e-08
413,2.0614654289384508e-07
414,5.490271159393136e-07
415,1.10517747621842e-06
416,3.0199002588338014e-06
417,7.6227165581124885e-06
418,1.837873925342619e-05
419,4.584406039255082e-05
420,0.00013571586325039655
421,0.00030268972441675046
422,0.000632810333619659
423,0.0014137240826591604
424,0.002603781678784955
425,0.004397124178191414
426,0.006302593203818023
427,0.010058575027405108
428,0.016203949535780433
429,0.0256477512232513
430,0.043707571968216376
431,0.058035195999005966
432,0.08321332305796195
433,0.08824666341387918
434,0.07416351684894688
435,0.06705626667485491
436,0.0770570149275335
437,0.08064898132466043
438,0.07179713097516634
439,0.07651382892462029
440,0.0713682482887639
441,0.0607182293778821
442,0.04157562514805227
443,0.019614221541827768
444,0.009354311932267698
445,0.003969654789426995
446,0.0023504849481833625
447,0.0015226304688757126
448,0.000980107104311398
449,0.0004304021846441997
450,0.00016720345064508984
451,8.743934794776519e-05
452,3.8463052725658896e-05
453,2.3151004738269102e-05
454,2.2807489395400317e-05
455,3.520869086706662e-05
456,8.776378350492256e-05
457,0.00020588084614907144
458,0.0005845626955137249
459,0.0013279385273120572
460,0.003032023877698969
461,0.0068020819727599045
462,0.01562196776848975
463,0.03186095851253796
464,0.03779954213611505
465,0.04688533826230207
466,0.07639584509850492
467,0.11808253015262796
468,0.1256705350130144
469,0.14232557468745283
470,0.10343525662830255
471,0.08116561144073393
472,0.06094257150839652
473,0.04630814517529791
474,0.033543392447814305
475,0.029480662943897954
476,0.018520709073924557
477,0.009115276164310807
478,0.0054045593788611315
479,0.002862634562876732
480,0.0014259411104027603
481,0.0008142762075526816
482,0.0004397433976402653
483,0.00018136438096099183
484,5.657023820994618e-05
485,2.110667118919737e-05
486,8.50261022671435e-06
487,3.7372475077953182e-06
488,1.3807596090916503e-06
489,4.422378386113536e-07
490,1.7449281794034297e-07
491,7.46256026676841e-08
492,2.4142412913712328e-08
493,8.917511763527933e-09
494,2.8757563952309788e-09
495,1.1780755555988354e-09
496,6.449429848967746e-10
497,3.475552753204896e-10
498,1.6600447085188972e-10
499,9.503558826540599e-11
500,8.792944700210931e-11
501,7.679351806336895e-11
502,6.48982676652951e-11
503,5.6750806531345416e-11
504,5.535454058268489e-11
505,5.805677933533015e-11
506,5.588736317794198e-11
507,6.365462064220996e-11
508,6.926218018562984e-11
509,7.435190851532576e-11
510,7.70662826279251e-11
511,1.3319291479714907e-10
512,1.7476662363052026e-10
513,2.813732817294652e-10
514,4.430124362289804e-10
515,9.69652329633487e-10
516,1.870018462351235e-09
517,3.859517447258368e-09
518,9.338307154409007e-09
519,2.2185929255051436e-08
520,5.194073123077981e-08
521,1.2454318348486803e-07
522,2.830937826289522e-07
523,6.163325238392396e-07
524,1.1180854953497032e-06
525,2.8630694045157403e-06
526,6.667096367277376e-06
527,1.1908209874147082e-05
528,2.5391921034374922e-05
529,6.0838080362032705e-05
530,0.00011389391383129007
531,0.00022202012190216324
532,0.0004620282560438637
533,0.0008519349883509367
534,0.0013664986495997727
535,0.002551618835674031
536,0.0043009718611333025
537,0.005961992580848621
538,0.0091856719339442
539,0.016470791514276634
540,0.024648814300787743
541,0.03260134103826339
542,0.04089621538714342
543,0.04838187245146876
544,0.052064911820225226
545,0.05739774110837501
546,0.05958217360598303
547,0.05762632920942147
548,0.04500852714469663
549,0.040092816494584876
550,0.044039465312114764
551,0.056553211630354906
552,0.06527194421670454
553,0.05361143042147499
554,0.04269445366924735
555,0.04507374134431816
556,0.036600718399120616
557,0.03436942846627235
558,0.031432218907964174
559,0.025736191612893637
560,0.017085143168973974
561,0.015990524512351972
562,0.012549102848872172
563,0.007997503601214753
564,0.005692452779524507
565,0.002639944818725145
566,0.0011022035377162688
567,0.0007576961670522445
568,0.0005812852276211347
569,0.0003453835475881666
570,0.00012078053975490449
571,5.896905649453712e-05
572,2.1502180655442955e-05
573,1.4239171384884986e-05
574,7.058858085174205e-06
575,4.125929252807557e-06
576,1.5974609350026955e-06
577,9.360378673855104e-07
578,5.412809559669696e-07
579,3.033066802714846e-07
580,2.2978863084520855e-07
581,1.8647777948732376e-07
582,1.0844563308087375e-07
583,9.539526640535396e-08
584,1.0091685136307594e-07
585,1.1149675362726325e-07
586,1.5054344802084022e-07
587,1.7197922527250088e-07
588,2.313289755194001e-07
589,3.023870399239823e-07
590,3.9245760516287835e-07
591,6.716046407902717e-07
592,1.1831459481366291e-06
593,1.5602792061850651e-06
594,3.0518803498024398e-06
595,5.440341665460942e-06
596,1.3924762459103191e-05
597,3.542691997030832e-05
598,0.00012229890050394714
